2
8.03662,0,143
16.4738,0,292
3
10.6846,0,401
14.8818,0,301
17.1541,0,443
3
12.4894,0,600
12.6643,0,507
16.5063,0,308
1
12.0367,0,258
3
13.2454,0,314
16.0353,0,353
19.9093,0,63
1
10.7845,0,161
1
8.91655,0,370
2
12.9267,0,374
16.5015,0,84
2
10.4061,0,357
10.8375,0,220
3
9.25328,0,309
14.487,0,212
17.104,0,82
3
13.5227,0,65
17.4464,0,289
18.9538,0,261
1
17.1665,0,272
2
10.4093,0,334
17.5494,0,383
3
9.72681,0,416
14.3022,0,528
14.3306,0,581
1
12.5667,0,467
3
8.2304,0,589
17.6079,0,203
19.1772,0,579
2
17.8039,0,68
18.3587,0,69
3
9.60989,0,174
12.4767,0,74
15.6623,0,460
3
8.99986,0,188
11.677,0,263
19.2951,0,227
2
11.4701,0,155
17.8289,0,488
3
8.90928,0,488
9.17432,0,513
10.7821,0,566
2
13.7265,0,342
15.4599,0,584
2
9.24258,0,290
12.2844,0,343
3
12.4768,0,576
15.1746,0,308
18.6155,0,103
1
15.9776,0,392
3
11.2234,0,569
14.09,0,592
14.6701,0,557
1
12.7938,0,535
3
12.1982,0,140
12.5183,0,278
15.0192,0,232
2
14.213,0,230
19.9532,0,335
3
11.3566,0,564
16.0526,0,511
17.0136,0,473
3
13.886,0,392
13.9942,0,137
19.2476,0,143
2
10.914,0,468
17.7476,0,477
3
11.0742,0,325
13.0125,0,551
15.0115,0,287
1
16.5975,0,357
2
11.7038,0,223
15.2609,0,547
3
9.54013,0,535
14.3215,0,509
19.8313,0,305
1
19.7283,0,400
2
13.7655,0,358
16.5589,0,458
1
9.11658,0,331
1
16.3641,0,176
1
19.4445,0,389
2
9.94777,0,439
18.9704,0,67
2
9.41192,0,99
13.8304,0,319
3
11.5342,0,69
16.3766,0,424
19.08,0,98
2
9.6127,0,225
10.4983,0,497
3
9.66038,0,231
15.9735,0,339
16.335,0,129
1
11.7396,0,342
1
8.28418,0,251
3
9.39961,0,355
13.4195,0,519
15.471,0,83
3
8.8738,0,276
11.9533,0,459
16.1796,0,381
3
12.3668,0,343
12.6713,0,308
19.9678,0,475
1
9.38214,0,95
1
16.9306,0,309
1
14.7503,0,432
3
12.1069,0,96
16.4266,0,395
17.1571,0,473
2
10.7623,0,320
15.3309,0,267
1
18.0775,0,121
1
14.773,0,582
1
10.7473,0,558
1
13.3976,0,78
3
13.3439,0,346
17.1204,0,216
18.5558,0,419
2
17.9379,0,168
19.4243,0,199
3
9.16728,0,562
9.5811,0,112
12.5172,0,542
3
9.6173,0,389
13.3894,0,281
16.5986,0,115
2
11.0144,0,595
15.9191,0,226
3
10.9533,0,295
15.5835,0,165
16.9225,0,581
3
9.78514,0,308
15.1139,0,91
19.1064,0,192
1
15.6626,0,251
1
12.9789,0,370
1
8.95033,0,468
1
12.405,0,60
3
14.3575,0,401
14.8096,0,494
18.651,0,357
1
8.11113,0,564
3
9.14883,0,139
10.9982,0,562
15.4095,0,378
1
12.946,0,200
2
9.08062,0,375
17.5895,0,396
3
8.33687,0,455
8.42905,0,495
14.349,0,368
2
11.107,0,315
19.562,0,167
1
18.8242,0,367
3
8.44737,0,469
10.864,0,379
11.4204,0,260
3
8.77497,0,431
9.74701,0,417
10.5099,0,536
1
11.8557,0,371
2
8.73169,0,388
15.5274,0,517
2
9.64594,0,432
11.818,0,131
3
9.38444,0,574
12.444,0,462
14.7097,0,332
3
12.3189,0,565
12.5596,0,275
12.585,0,416
1
9.89217,0,391
1
17.7757,0,305
2
13.0025,0,161
14.4788,0,552
3
8.64729,0,360
11.6446,0,545
12.5118,0,521
1
18.5708,0,428
2
12.6215,0,131
17.1708,0,176
1
14.2384,0,464
1
13.246,0,104
1
15.4609,0,107
1
12.3118,0,247
3
9.76212,0,215
17.4307,0,516
18.9619,0,492
2
15.9079,0,434
16.6414,0,182
2
11.7539,0,550
16.0807,0,339
2
14.3413,0,306
16.0516,0,308
