2
17.868,1.50023,16
18.8891,0.73404,8
2
16.4549,1.25771,18
18.3383,0.518985,7
2
9.50996,1.90591,18
11.6637,1.20678,6
1
10.2062,0.760158,11
1
14.0593,1.12692,12
1
14.5849,0.970889,13
2
11.0098,1.57598,12
11.431,1.6287,18
1
15.8225,0.525676,10
1
19.6577,1.72742,12
3
14.1224,0.894503,12
16.0923,1.6863,5
17.8153,1.49375,14
3
8.17785,1.86652,8
12.5779,0.925287,11
13.3908,1.38345,20
1
12.4582,1.37167,7
2
14.7063,0.857714,18
17.0397,0.820549,19
1
11.3844,1.99379,13
1
14.02,1.36801,7
1
18.5641,1.17191,7
1
18.2134,0.680088,17
2
8.04764,1.78847,11
13.9999,1.01471,11
3
11.56,0.825012,10
17.5116,0.933009,7
19.1411,1.14349,10
1
17.2716,1.37443,17
3
10.9272,0.716086,5
14.7929,1.66712,8
15.0508,1.10775,18
3
13.4174,0.86157,11
17.2801,1.11462,16
19.606,1.14023,20
1
13.0461,1.50528,11
3
11.9562,0.691223,18
13.1036,1.09572,20
17.0415,1.02547,14
1
13.6337,0.511487,9
1
18.7306,0.678743,15
2
11.4827,1.43597,13
13.7147,0.590677,16
3
15.7942,0.812258,17
17.7377,1.41727,12
19.6518,1.48875,13
3
13.0943,1.58567,8
13.9996,0.832411,18
17.431,1.41249,15
1
19.387,1.70744,6
3
9.25524,1.78745,8
9.83369,0.851635,9
16.2014,0.654294,9
1
11.2812,1.7715,13
3
10.8117,0.744278,18
14.1813,1.50366,12
15.518,1.90593,12
2
10.8,1.31442,18
19.6773,1.755,5
1
10.8926,1.36171,15
3
11.68,1.85671,20
17.0564,1.80373,20
17.4229,1.39583,8
2
13.7576,0.967279,17
15.9466,1.76225,6
1
16.1522,1.60377,15
3
11.4097,1.26772,18
12.7015,1.17296,12
19.8003,1.33097,12
2
8.7178,1.89416,19
18.5647,0.553895,18
2
12.9906,0.66909,19
18.0717,1.19928,13
3
13.0393,1.23417,8
13.1064,1.82698,16
17.5223,0.60805,12
3
8.55888,1.3965,13
9.96123,1.53476,11
14.7635,1.05698,11
2
14.3973,0.70151,18
18.5012,1.3196,12
3
8.78717,0.626202,11
10.8637,1.54794,12
12.6459,1.51092,11
3
8.81924,1.16909,18
19.1527,0.934877,12
19.5761,1.16108,8
3
8.4557,1.04871,20
14.8117,1.83075,20
19.4798,0.843251,9
1
13.6246,1.47749,5
3
8.23049,1.47689,13
12.9583,0.567688,10
15.1769,1.10609,11
1
18.7327,0.887951,15
2
9.49285,0.508586,6
19.4395,0.583496,10
1
18.4515,0.963258,12
1
13.3778,1.78104,15
1
12.7218,0.972759,6
2
17.9111,1.76998,20
19.1177,0.860054,17
3
13.3734,1.05413,20
17.8063,0.671886,5
19.8811,1.06091,18
3
14.6421,1.44139,9
18.9563,0.889721,8
19.8544,1.28593,13
2
12.1182,0.56572,10
15.677,1.96171,14
1
19.2608,0.663024,10
3
9.09572,1.52923,19
11.5144,0.552568,17
15.2624,1.06645,13
3
10.5493,0.540563,12
11.7974,0.541585,16
18.7245,1.36521,13
1
17.9213,1.65191,13
3
14.588,0.720616,15
17.3388,1.93011,12
19.7853,0.974394,5
1
15.1558,1.45028,12
2
8.82327,1.5784,13
13.2679,0.909648,18
3
11.4966,0.829031,16
14.9036,1.24103,8
18.6483,1.95697,5
3
12.4507,1.82983,10
13.5255,1.63198,10
19.133,1.70517,5
1
15.9634,1.40845,5
1
19.4408,1.32755,8
2
10.9896,0.753138,11
16.7666,0.860559,15
1
17.12,1.06634,15
2
10.7819,1.86151,17
18.2202,0.738221,9
2
9.22016,1.20597,13
10.9637,1.34963,11
2
8.75944,1.60385,20
19.9857,0.828281,6
3
8.06536,1.01289,12
16.9282,0.853135,14
18.8792,0.723002,14
1
8.05923,1.23419,19
3
11.2801,0.670256,8
12.2123,1.81641,7
17.2419,0.829327,19
1
19.7079,1.11325,7
2
14.5077,1.45823,17
16.4034,1.08497,15
3
8.69152,1.07002,14
10.5379,1.96163,8
19.4038,1.37041,15
1
9.94145,1.2482,11
2
10.4025,1.88289,11
18.8079,1.74483,18
3
10.9696,1.6234,8
13.9285,0.66452,20
18.4299,0.731388,11
3
8.25038,1.7236,19
12.2178,1.23778,13
14.964,1.14254,18
1
9.52948,1.5211,16
2
8.82604,0.874428,10
14.759,1.4317,8
3
8.48534,1.48896,20
8.93259,0.568492,12
11.0452,1.16416,9
2
16.4802,1.446,9
18.276,0.627552,15
1
11.6177,1.22738,10
2
13.068,1.11896,7
14.1664,1.14414,15
2
16.1026,1.35794,10
16.8563,1.02078,11
3
12.9754,0.861726,8
17.1162,0.909687,19
18.2482,1.23238,12
2
11.9888,1.83219,16
15.09,0.807409,10
3
8.4852,1.11115,16
9.3271,0.931305,6
18.3257,1.53704,17
2
8.77877,1.59855,7
12.7006,1.82592,13
3
10.1048,1.79051,14
10.2249,1.07,11
17.8906,0.538504,18
3
16.225,1.64521,10
19.0996,1.36026,15
19.3706,0.611922,17
2
11.0338,1.56205,8
19.7549,1.60947,18
1
8.4203,0.842593,7
3
13.3601,1.23657,18
15.8606,1.81095,15
18.8522,1.76394,9
